SdkRegistrants_1587201778870=com.gwtplugins.gwt.eclipse.sdkbundle.gwt28_2.8.0.201710131939
eclipse.preferences.version=1
versionForLastForcedRebuild_Analytics=3.0.0.201710131939
versionForLastForcedRebuild_Analyticsb=3.0.0.201710131939
versionForLastForcedRebuild_Dmw=3.0.0.201710131939
versionForLastForcedRebuild_School=3.0.0.201710131939
versionForLastForcedRebuild_Wajeeha=3.0.0.201710131939
versionForLastForcedRebuild_mxGraph1=3.0.0.201710131939
versionForLastForcedRebuild_mxgraph-gwt=3.0.0.201710131939
versionForLastForcedRebuild_testjob=3.0.0.201710131939
